0,0,0,0
0.0206008,0.07,0,0
0.0411121,0.14,0,-5
0.0615295,0.21,0,-9
0.0819426,0.28,0,-8
0.102378,0.35,0,-8
0.1228,0.42,0,-8
0.143209,0.49,0,-8
0.163615,0.56,0,-8
0.18404,0.63,0,-8
0.204445,0.7,0,-8
0.224855,0.77,0,-8
0.245258,0.84,0,-8
0.265663,0.91,0,-8
0.286097,0.98,0,-9
0.306499,1.05,1,-9
0.32691,1.12,1,-9
0.347338,1.19,1,-9
0.367737,1.26,1,-9
0.388164,1.33,1,-9
0.408575,1.4,1,-9
0.429019,1.47,1,-9
0.449421,1.54,1,-9
0.469835,1.61,1,-9
0.490282,1.68,1,-10
0.510713,1.75,1,-10
0.531157,1.82,1,-10
0.551604,1.89,1,-17
0.572042,1.96,1,-35
0.592513,2.03,2,-64
0.612928,2.1,9,-103
0.633348,2.17,28,-150
0.653755,2.24,60,-203
0.674189,2.31,104,-263
0.6946,2.38,157,-330
0.715029,2.45,219,-406
0.735428,2.52,291,-492
0.755834,2.59,370,-587
0.776259,2.66,457,-690
0.796678,2.73,551,-800
0.81709,2.8,652,-913
0.837514,2.87,759,-1029
0.857915,2.94,872,-1150
0.878359,3.01,991,-1277
0.89882,3.08,1116,-1410
0.919256,3.15,1246,-1545
0.939668,3.22,1380,-1683
0.960076,3.29,1519,-1823
0.980486,3.36,1663,-1970
1.0009,3.43,1811,-2125
1.02131,3.5,1964,-2282
1.04175,3.57,2121,-2442
1.06219,3.64,2283,-2606
1.08262,3.71,2449,-2776
1.10307,3.78,2620,-2947
1.1235,3.85,2794,-3119
1.14393,3.92,2970,-3293
1.16439,3.99,3149,-3471
1.18484,4.06,3330,-3654
1.20527,4.13,3514,-3837
1.22602,4.2,3702,-4026
1.24648,4.27,3891,-4222
1.26691,4.34,4083,-4416
1.28734,4.41,4278,-4610
1.30776,4.48,4475,-4810
1.32817,4.55,4674,-5011
1.34857,4.62,4877,-5211
1.36897,4.69,5082,-5414
1.3894,4.76,5288,-5624
1.40981,4.83,5497,-5838
1.43028,4.9,5710,-6048
1.4507,4.97,5923,-6264
1.47115,5.04,6137,-6480
1.49157,5.11,6353,-6697
1.51205,5.18,6569,-6916
1.53248,5.25,6787,-7138
1.5529,5.32,7008,-7360
1.57336,5.39,7230,-7582
1.59379,5.46,7454,-7809
1.61421,5.53,7679,-8034
1.63464,5.6,7905,-8256
1.6551,5.67,8131,-8485
1.67551,5.74,8358,-8711
1.69594,5.81,8588,-8936
1.71637,5.88,8818,-9167
1.73678,5.95,9051,-9401
1.7572,6.02,9287,-9630
1.77762,6.09,9524,-9860
1.79804,6.16,9762,-10090
1.81846,6.23,10002,-10317
1.83888,6.3,10243,-10550
1.85932,6.37,10485,-10788
1.87973,6.44,10730,-11025
1.90018,6.51,10979,-11262
1.92063,6.58,11228,-11502
1.94105,6.65,11477,-11742
1.96148,6.72,11726,-11989
1.98195,6.79,11979,-12238
2.00247,6.86,12233,-12484
2.02291,6.93,12489,-12737
2.04336,7,12746,-12994
2.0638,6.93,13003,-13244
2.08423,6.86,13260,-13501
2.10468,6.79,13519,-13756
2.12512,6.72,13779,-14012
2.14553,6.65,14041,-14273
2.16605,6.58,14305,-14534
2.18649,6.51,14566,-14792
2.2069,6.44,14827,-15050
2.22731,6.37,15087,-15306
2.24772,6.3,15348,-15565
2.26813,6.23,15609,-15828
2.28854,6.16,15869,-16088
2.30896,6.09,16129,-16346
2.32937,6.02,16389,-16600
2.34983,5.95,16648,-16854
2.37026,5.88,16907,-17112
2.39069,5.81,17165,-17368
2.41111,5.74,17423,-17624
2.43156,5.67,17680,-17879
2.452,5.6,17936,-18128
2.47243,5.53,18190,-18379
2.493,5.46,18445,-18634
2.51341,5.39,18698,-18882
2.53382,5.32,18949,-19133
2.55424,5.25,19200,-19385
2.57468,5.18,19449,-19633
2.59513,5.11,19698,-19878
2.61557,5.04,19947,-20121
2.63599,4.97,20194,-20360
2.65639,4.9,20440,-20605
2.6768,4.83,20684,-20847
2.69721,4.76,20927,-21081
2.71763,4.69,21168,-21316
2.73815,4.62,21408,-21550
2.7586,4.55,21646,-21776
2.77902,4.48,21882,-22004
2.79944,4.41,22115,-22230
2.81986,4.34,22347,-22452
2.84028,4.27,22578,-22677
2.8607,4.2,22807,-22898
2.88111,4.13,23034,-23113
2.90152,4.06,23260,-23332
2.92194,3.99,23484,-23553
2.94241,3.92,23704,-23769
2.96283,3.85,23923,-23985
2.98328,3.78,24141,-24202
3.00373,3.71,24356,-24414
3.02414,3.64,24569,-24622
3.04455,3.57,24780,-24834
3.06496,3.5,24990,-25043
3.08538,3.43,25198,-25248
3.10585,3.36,25405,-25456
3.12632,3.29,25611,-25668
3.14683,3.22,25815,-25872
3.16729,3.15,26017,-26072
3.18779,3.08,26217,-26274
3.20822,3.01,26416,-26470
3.22866,2.94,26613,-26662
3.2491,2.87,26809,-26857
3.26954,2.8,27002,-27054
3.29019,2.73,27195,-27247
3.31062,2.66,27383,-27432
3.33103,2.59,27569,-27618
3.35144,2.52,27754,-27801
3.37184,2.45,27936,-27978
3.39226,2.38,28116,-28152
3.41268,2.31,28294,-28330
3.43309,2.24,28469,-28508
3.4535,2.17,28640,-28680
3.4739,2.1,28810,-28845
3.49435,2.03,28978,-29011
3.51475,1.96,29144,-29176
3.53516,1.89,29306,-29334
3.55557,1.82,29465,-29486
3.57598,1.75,29621,-29636
3.5964,1.68,29773,-29786
3.61681,1.61,29922,-29932
3.63724,1.54,30067,-30072
3.6577,1.47,30210,-30208
3.67811,1.4,30350,-30345
3.69853,1.33,30486,-30479
3.71894,1.26,30618,-30608
3.73935,1.19,30747,-30728
3.75976,1.12,30873,-30842
3.78019,1.05,30994,-30954
3.8006,0.98,31111,-31063
3.821,0.91,31223,-31168
3.84142,0.84,31332,-31267
3.86182,0.77,31436,-31362
3.88224,0.7,31535,-31453
3.90266,0.63,31631,-31533
3.92307,0.56,31723,-31608
3.94347,0.49,31809,-31681
3.96387,0.42,31890,-31751
3.98428,0.35,31969,-31819
4.00468,0.28,32042,-31881
4.02508,0.21,32109,-31939
4.04548,0.14,32173,-31991
4.06589,0.07,32232,-32037
4.0863,0,32287,-32074
4.10673,0.07,32336,-32104
4.12713,0.14,32381,-32124
4.14753,0.21,32421,-32137
4.16794,0.28,32456,-32142
4.18835,0.35,32486,-32144
4.20876,0.42,32513,-32144
4.22917,0.49,32537,-32144
4.24957,0.56,32558,-32144
4.27,0.63,32579,-32144
4.29043,0.7,32598,-32144
4.31085,0.77,32618,-32144
4.33125,0.84,32634,-32144
4.35165,0.91,32651,-32144
4.37205,0.98,32669,-32144
4.39246,1.05,32688,-32144
4.41288,1.12,32709,-32145
4.43329,1.19,32733,-32145
4.4537,1.26,32759,-32145
4.47411,1.33,32788,-32145
4.49453,1.4,32821,-32145
4.51494,1.47,32857,-32145
4.53534,1.54,32897,-32145
4.55575,1.61,32941,-32145
4.57615,1.68,32988,-32145
4.59657,1.75,33040,-32145
4.617,1.82,33094,-32145
4.63741,1.89,33154,-32145
4.65781,1.96,33218,-32145
4.67822,2.03,33286,-32146
4.69863,2.1,33359,-32146
4.71905,2.17,33437,-32153
4.73945,2.24,33519,-32173
4.75985,2.31,33607,-32205
4.78026,2.38,33699,-32249
4.80068,2.45,33796,-32304
4.82109,2.52,33896,-32369
4.8415,2.59,34000,-32444
4.8619,2.66,34107,-32527
4.88231,2.73,34218,-32620
4.90272,2.8,34334,-32720
4.92313,2.87,34454,-32825
4.94358,2.94,34577,-32934
4.96398,3.01,34705,-33049
4.98439,3.08,34837,-33172
5.00479,3.15,34975,-33303
5.0252,3.22,35116,-33440
5.04561,3.29,35262,-33581
5.06601,3.36,35411,-33724
5.08641,3.43,35562,-33874
5.10683,3.5,35717,-34029
5.12724,3.57,35877,-34187
5.14765,3.64,36038,-34348
5.16804,3.71,36202,-34513
5.18851,3.78,36370,-34684
5.20893,3.85,36543,-34860
5.22934,3.92,36720,-35038
5.24974,3.99,36899,-35220
5.27012,4.06,37081,-35407
5.29053,4.13,37267,-35597
5.31093,4.2,37457,-35788
5.33142,4.27,37648,-35982
5.35182,4.34,37840,-36179
5.37222,4.41,38036,-36378
5.39263,4.48,38235,-36578
5.41304,4.55,38435,-36784
5.43346,4.62,38639,-36997
5.45391,4.69,38844,-37205
5.4744,4.76,39052,-37417
5.49481,4.83,39262,-37634
5.51522,4.9,39475,-37845
5.53565,4.97,39689,-38060
5.55606,5.04,39905,-38282
5.57646,5.11,40124,-38506
5.59688,5.18,40345,-38724
5.61728,5.25,40565,-38949
5.6377,5.32,40785,-39174
5.65811,5.39,41008,-39395
5.67851,5.46,41232,-39622
5.69893,5.53,41455,-39851
5.71933,5.6,41681,-40075
5.73975,5.67,41911,-40302
5.76019,5.74,42142,-40534
5.78061,5.81,42373,-40764
5.80103,5.88,42607,-40990
5.82146,5.95,42842,-41220
5.8419,6.02,43080,-41450
5.8623,6.09,43320,-41679
5.88271,6.16,43562,-41915
5.90313,6.23,43805,-42154
5.92358,6.3,44049,-42388
5.94401,6.37,44294,-42628
5.96443,6.44,44541,-42866
5.98485,6.51,44789,-43106
6.00526,6.58,45039,-43354
6.02568,6.65,45291,-43602
6.04611,6.72,45543,-43851
6.06652,6.79,45796,-44103
6.08694,6.86,46052,-44353
6.10737,6.93,46309,-44607
6.12779,7,46567,-44863
6.1482,6.93,46827,-45117
6.1686,6.86,47086,-45376
6.189,6.79,47346,-45638
6.20943,6.72,47607,-45895
6.22987,6.65,47869,-46156
6.2503,6.58,48132,-46414
6.27072,6.51,48395,-46671
6.29115,6.44,48656,-46932
6.31155,6.37,48918,-47193
6.33196,6.3,49178,-47451
6.35239,6.23,49438,-47708
6.37282,6.16,49699,-47962
6.39323,6.09,49959,-48220
6.41368,6.02,50219,-48482
6.43415,5.95,50479,-48740
6.45457,5.88,50738,-48996
6.47505,5.81,50996,-49249
6.49548,5.74,51254,-49501
6.51595,5.67,51511,-49758
6.5364,5.6,51767,-50012
6.55683,5.53,52021,-50264
6.57729,5.46,52274,-50516
6.59773,5.39,52526,-50762
6.61822,5.32,52778,-51010
6.63866,5.25,53028,-51259
6.65907,5.18,53278,-51504
6.67949,5.11,53526,-51750
6.69991,5.04,53773,-51996
6.72032,4.97,54018,-52235
6.74073,4.9,54261,-52476
6.76114,4.83,54503,-52716
6.78156,4.76,54745,-52949
6.80197,4.69,54985,-53184
6.82239,4.62,55225,-53420
6.84281,4.55,55463,-53650
6.86325,4.48,55699,-53877
6.88366,4.41,55933,-54102
6.90409,4.34,56165,-54321
6.9245,4.27,56394,-54543
6.94505,4.2,56624,-54770
6.96547,4.13,56851,-54991
6.98588,4.06,57076,-55210
7.00629,3.99,57298,-55427
7.0267,3.92,57517,-55642
7.04711,3.85,57734,-55855
7.06751,3.78,57949,-56072
7.08792,3.71,58164,-56286
7.10835,3.64,58378,-56495
7.12877,3.57,58590,-56707
7.14918,3.5,58801,-56920
7.16959,3.43,59010,-57127
7.19001,3.36,59218,-57332
7.21042,3.29,59424,-57539
7.23084,3.22,59629,-57742
7.2513,3.15,59832,-57940
7.27178,3.08,60033,-58144
7.29222,3.01,60232,-58349
7.31262,2.94,60429,-58544
7.33304,2.87,60624,-58739
7.35348,2.8,60818,-58934
7.3739,2.73,61011,-59124
7.39438,2.66,61201,-59309
7.4148,2.59,61388,-59497
7.43522,2.52,61574,-59686
7.45566,2.45,61756,-59871
7.47609,2.38,61936,-60049
7.49652,2.31,62114,-60228
7.51694,2.24,62291,-60405
7.53736,2.17,62465,-60575
7.55776,2.1,62636,-60740
7.57822,2.03,62803,-60907
7.59868,1.96,62968,-61075
7.61913,1.89,63129,-61240
7.63957,1.82,63289,-61396
7.66007,1.75,63447,-61550
7.68053,1.68,63601,-61704
7.70097,1.61,63752,-61857
7.72144,1.54,63899,-62001
7.74187,1.47,64042,-62137
7.76232,1.4,64182,-62271
7.78276,1.33,64319,-62405
7.8032,1.26,64453,-62537
7.82363,1.19,64582,-62662
7.84406,1.12,64707,-62783
7.86447,1.05,64829,-62898
7.88489,0.98,64947,-63011
7.9053,0.91,65062,-63123
7.92571,0.84,65173,-63231
7.94612,0.77,65278,-63333
7.96652,0.7,65377,-63426
7.98693,0.63,65473,-63510
8.00734,0.56,65566,-63591
8.0278,0.49,65653,-63668
8.04823,0.42,65735,-63742
8.06866,0.35,65814,-63812
8.08908,0.28,65888,-63877
8.10949,0.21,65957,-63936
8.12989,0.14,66020,-63989
8.15031,0.07,66079,-64038
8.17074,0,66135,-64077
8.19115,0.07,66184,-64105
8.21156,0.14,66229,-64128
8.23197,0.21,66270,-64141
8.25238,0.28,66306,-64146
8.27279,0.35,66338,-64144
8.2932,0.42,66367,-64144
8.31361,0.49,66394,-64144
8.33401,0.56,66418,-64144
8.35444,0.63,66441,-64144
8.37486,0.7,66462,-64144
8.39527,0.77,66483,-64144
8.41569,0.84,66504,-64144
8.4361,0.91,66526,-64144
8.4565,0.98,66548,-64145
8.47691,1.05,66573,-64145
8.49733,1.12,66598,-64145
8.51774,1.19,66625,-64145
8.53818,1.26,66653,-64145
8.55861,1.33,66684,-64145
8.57902,1.4,66719,-64145
8.59945,1.47,66756,-64145
8.61989,1.54,66797,-64145
8.64032,1.61,66841,-64145
8.66074,1.68,66890,-64145
8.68119,1.75,66942,-64146
8.70161,1.82,67000,-64148
8.72204,1.89,67061,-64160
8.74245,1.96,67128,-64181
8.76286,2.03,67199,-64211
8.78328,2.1,67275,-64253
8.8037,2.17,67355,-64305
8.82411,2.24,67440,-64367
8.84453,2.31,67530,-64439
8.86494,2.38,67625,-64519
8.88535,2.45,67724,-64607
8.90575,2.52,67829,-64701
8.92624,2.59,67939,-64798
8.94678,2.66,68054,-64900
8.96722,2.73,68173,-65006
8.98766,2.8,68294,-65118
9.0081,2.87,68420,-65236
9.02852,2.94,68550,-65360
9.04893,3.01,68682,-65487
9.06934,3.08,68817,-65617
9.08975,3.15,68956,-65753
9.11022,3.22,69099,-65896
9.13065,3.29,69247,-66045
9.15106,3.36,69399,-66198
9.17148,3.43,69554,-66354
9.19201,3.5,69713,-66516
9.21243,3.57,69875,-66681
9.23284,3.64,70040,-66849
9.25325,3.71,70209,-67018
9.27366,3.78,70379,-67190
9.29412,3.85,70553,-67369
9.31456,3.92,70730,-67551
9.33499,3.99,70910,-67734
9.35541,4.06,71093,-67922
9.37582,4.13,71278,-68116
9.39624,4.2,71467,-68310
9.41674,4.27,71659,-68505
9.43716,4.34,71854,-68705
9.45762,4.41,72052,-68906
9.47847,4.48,72257,-69112
9.49893,4.55,72459,-69317
9.52061,4.62,72677,-69542
9.54109,4.69,72884,-69756
9.56152,4.76,73093,-69967
9.58197,4.83,73303,-70182
9.60244,4.9,73515,-70398
9.62288,4.97,73729,-70613
9.64332,5.04,73945,-70832
9.66373,5.11,74162,-71056
9.68418,5.18,74382,-71276
9.70463,5.25,74603,-71498
9.72504,5.32,74824,-71724
9.74545,5.39,75046,-71945
9.76587,5.46,75271,-72168
9.78631,5.53,75495,-72397
9.80673,5.6,75721,-72622
9.82714,5.67,75948,-72848
9.84755,5.74,76176,-73080
9.86795,5.81,76407,-73312
9.88836,5.88,76638,-73537
9.9089,5.95,76876,-73772
9.92973,6.02,77111,-74002
9.95012,6.09,77349,-74230
9.97054,6.16,77588,-74463
9.99099,6.23,77829,-74700
10.0114,6.3,78071,-74933
10.0319,6.37,78313,-75168
10.0523,6.44,78558,-75404
10.0727,6.51,78805,-75640
10.0931,6.58,79052,-75884
10.1136,6.65,79303,-76132
10.134,6.72,79555,-76376
10.1544,6.79,79806,-76627
10.1748,6.86,80060,-76881
10.1952,6.93,80316,-77132
10.2157,7,80573,-77389
10.2361,6.93,80831,-77644
10.2565,6.86,81091,-77901
10.277,6.79,81353,-78165
10.2974,6.72,81616,-78427
10.3181,6.65,81878,-78687
10.3385,6.58,82139,-78951
10.3589,6.51,82401,-79210
10.3793,6.44,82664,-79473
10.3998,6.37,82926,-79737
10.4202,6.3,83187,-79997
10.4406,6.23,83448,-80257
10.461,6.16,83710,-80513
10.4815,6.09,83970,-80770
10.5019,6.02,84231,-81032
10.5223,5.95,84491,-81293
10.5427,5.88,84750,-81550
10.5632,5.81,85009,-81806
10.5836,5.74,85267,-82057
10.6041,5.67,85523,-82312
10.6245,5.6,85779,-82569
10.6449,5.53,86034,-82823
10.6654,5.46,86289,-83080
10.6858,5.39,86544,-83333
10.7062,5.32,86798,-83581
10.7266,5.25,87051,-83832
10.747,5.18,87303,-84078
10.7674,5.11,87553,-84324
10.7879,5.04,87802,-84572
10.8083,4.97,88050,-84819
10.8287,4.9,88296,-85060
10.8491,4.83,88541,-85300
10.8695,4.76,88783,-85538
10.8899,4.69,89026,-85775
10.9104,4.62,89268,-86015
10.9308,4.55,89508,-86253
10.9512,4.48,89747,-86486
10.9716,4.41,89984,-86717
10.992,4.34,90220,-86940
11.0125,4.27,90454,-87163
11.0328,4.2,90686,-87390
11.0533,4.13,90916,-87613
11.0737,4.06,91143,-87832
11.0941,3.99,91368,-88050
11.1145,3.92,91591,-88266
11.1349,3.85,91812,-88479
11.1553,3.78,92030,-88694
11.1757,3.71,92246,-88908
11.1961,3.64,92459,-89119
11.2165,3.57,92671,-89332
11.2369,3.5,92882,-89546
11.2573,3.43,93092,-89755
11.2777,3.36,93301,-89962
11.2982,3.29,93509,-90168
11.3186,3.22,93715,-90372
11.339,3.15,93918,-90572
11.3594,3.08,94120,-90776
11.3798,3.01,94320,-90981
11.4002,2.94,94518,-91178
11.4206,2.87,94714,-91371
11.441,2.8,94909,-91568
11.4615,2.73,95103,-91758
11.4819,2.66,95295,-91944
11.5024,2.59,95485,-92132
11.5228,2.52,95672,-92323
11.5432,2.45,95856,-92509
11.5636,2.38,96038,-92686
11.584,2.31,96219,-92865
11.6044,2.24,96397,-93044
11.6248,2.17,96573,-93219
11.6452,2.1,96745,-93386
11.6656,2.03,96915,-93553
11.686,1.96,97080,-93720
11.7065,1.89,97243,-93886
11.7269,1.82,97405,-94045
11.7473,1.75,97563,-94202
11.7677,1.68,97717,-94358
11.7881,1.61,97870,-94512
11.8085,1.54,98019,-94657
11.8289,1.47,98165,-94794
11.8493,1.4,98306,-94931
11.8697,1.33,98444,-95068
11.8901,1.26,98579,-95203
11.9105,1.19,98710,-95332
11.9309,1.12,98837,-95454
11.9513,1.05,98959,-95571
11.9717,0.98,99079,-95688
11.9921,0.91,99194,-95801
12.0125,0.84,99306,-95910
12.033,0.77,99413,-96012
12.0534,0.7,99517,-96104
12.0738,0.63,99615,-96190
12.0942,0.56,99709,-96272
12.1146,0.49,99799,-96352
12.135,0.42,99883,-96426
12.1554,0.35,99962,-96496
12.1758,0.28,100038,-96562
12.1962,0.21,100108,-96622
12.2167,0.14,100173,-96677
12.2371,0.07,100233,-96724
